7
5 8
6 5
12 2
19 20
20 15
27 5
30 3
6
5 1
6 1
12 1
19 1
20 1
27 1
7
5 1
6 2
12 3
19 4
20 5
22 6
27 7
3 
1 10
4 6
5 9
3
1 2
2 6
5 3
3
1 1
2 1
3 1
4
3 1
7 1
13 1
15 2
4
3 3
11 11
13 13
15 15
4
3 9
5 8
8 7
12 6
4
1 5
4 8
8 12
17 100
4
1 9
5 1
8 9
17 1
4
1 1
10 2
30 4
37 9
10
1 1
4 2
7 3
18 4
19 5
23 6
31 7
39 8
41 9
42 10
10
9 77
22 66
50 55
58 55
68 66
84 77
141 88
148 99
185 1
193 2
11
10 1
11 1
28 1
68 1
84 1
86 1
93 1
96 1
160 1
171 1
200 1
11
10 2
13 4
25 6
50 8
136 10
143 12
157 14
176 16
191 18
194 20
195 22
25
40 1
44 1
67 1
84 1
106 1
107 1
111 1
130 1
140 1
155 1
193 1
220 1
222 1
223 1
252 1
254 1
262 1
272 1
277 1
325 1
339 1
362 1
404 1
416 1
419 1
50
3 2
5 3
15 4
20 5
40 6
50 7
71 8
76 9
83 10
88 9
102 8
112 7
119 6
127 5
141 4
146 3
153 2
156 1
157 2
160 3
172 4
214 5
223 6
225 7
230 8
232 9
235 10
243 9
259 8
265 7
275 6
290 5
300 4
313 3
315 2
337 1
338 2
354 3
360 4
401 5
434 6
442 7
452 8
453 9
482 10
484 9
485 8
495 7
498 6
499 5
1
17 10
1
14 10
1
0 10
2
1 4
4 8
0
